0.00000 3.00000 0.00000 4.00000 0.00000
2.00000 1.00000 3.00000 4.00000 0.00000
0.00000 2.00000 2.00000 2.00000 2.00000
3.00000 0.00000 4.00000 4.00000 0.00000
2.00000 1.00000 3.00000 3.00000 1.00000
4.00000 4.00000 4.00000 2.00000 4.00000
1.00000 3.00000 2.00000 1.00000 0.00000
3.00000 0.00000 2.00000 1.00000 3.00000
4.00000 2.00000 4.00000 2.00000 1.00000
1.00000 1.00000 4.00000 0.00000 1.00000
1.50000 1.20000 1.50000 1.10000 1.40000
1.00000 1.80000 1.30000 1.10000 1.90000
1.70000 1.10000 1.00000 1.70000 1.30000
1.70000 1.80000 1.20000 1.60000 1.90000
1.80000 1.30000 1.40000 1.30000 1.00000
1.30000 1.20000 1.80000 1.20000 1.50000
1.40000 1.00000 1.20000 1.40000 1.10000
1.90000 1.50000 1.80000 1.70000 1.80000
1.80000 1.20000 1.30000 1.00000 1.80000
1.80000 1.60000 1.40000 1.50000 1.00000
6.70000 5.30000 5.60000 5.50000 5.00000
5.80000 6.30000 5.90000 6.20000 6.10000
5.80000 6.60000 5.40000 5.90000 6.00000
5.00000 5.90000 6.10000 6.10000 5.30000
6.80000 6.20000 6.10000 6.80000 6.40000
6.50000 5.80000 5.70000 5.30000 6.60000
6.90000 6.40000 5.70000 5.70000 5.50000
6.10000 6.00000 5.30000 6.90000 5.30000
6.30000 6.60000 6.20000 6.40000 6.60000
5.80000 5.70000 5.50000 6.50000 6.00000
1.04000 1.10000 1.24000 1.02000 1.27000
1.07000 1.29000 1.15000 1.27000 1.14000
1.19000 1.10000 1.23000 1.07000 1.25000
1.17000 1.01000 1.05000 1.29000 1.08000
1.24000 1.01000 1.28000 1.07000 1.18000
0.00000 0.00000 2.00000 3.00000 2.00000
1.00000 2.00000 0.00000 0.00000 4.00000
3.00000 4.00000 3.00000 2.00000 3.00000
3.00000 3.00000 0.00000 3.00000 4.00000
0.00000 1.00000 2.00000 3.00000 3.00000
1.00000 3.00000 0.00000 2.00000 3.00000
4.00000 0.00000 0.00000 4.00000 0.00000
1.00000 4.00000 0.00000 4.00000 4.00000
2.00000 2.00000 1.00000 4.00000 0.00000
4.00000 2.00000 3.00000 3.00000 0.00000
1.40000 1.90000 1.00000 1.80000 1.80000
1.30000 1.50000 1.80000 1.00000 1.20000
1.60000 1.90000 1.70000 1.20000 1.50000
6.20000 5.90000 5.90000 6.20000 5.60000
6.50000 5.80000 5.10000 5.50000 6.70000
6.60000 5.00000 5.20000 6.60000 6.20000
5.00000 6.20000 5.20000 6.70000 6.90000
5.40000 6.50000 6.40000 5.50000 6.00000
5.20000 5.80000 6.70000 5.40000 6.10000
5.70000 6.10000 6.30000 5.70000 5.00000
6.60000 5.80000 6.10000 5.40000 5.00000
5.10000 6.40000 5.50000 6.20000 6.20000
6.80000 5.20000 6.70000 6.40000 6.80000
1.28000 1.23000 1.08000 1.15000 1.10000
1.01000 1.14000 1.18000 1.29000 1.25000
1.00000 1.13000 1.09000 1.27000 1.00000
1.17000 1.00000 1.29000 1.03000 1.03000
1.22000 1.00000 1.12000 1.15000 1.25000
1.16000 1.25000 1.26000 1.22000 1.26000
1.03000 1.15000 1.16000 1.22000 1.23000
1.10000 1.09000 1.18000 1.22000 1.02000
1.09000 1.11000 1.11000 1.09000 1.29000
1.07000 1.13000 1.20000 1.13000 1.26000
0.00000 4.00000 0.00000 4.00000 3.00000
0.00000 4.00000 4.00000 4.00000 4.00000
2.00000 2.00000 1.00000 0.00000 4.00000
2.00000 0.00000 4.00000 4.00000 2.00000
2.00000 3.00000 1.00000 0.00000 1.00000
3.00000 3.00000 2.00000 0.00000 2.00000
3.00000 3.00000 4.00000 4.00000 2.00000
1.00000 3.00000 4.00000 1.00000 2.00000
1.00000 4.00000 1.00000 3.00000 1.00000
1.00000 4.00000 2.00000 0.00000 1.00000
1.80000 1.70000 1.10000 1.40000 1.40000
1.80000 1.70000 1.90000 1.70000 1.30000
1.50000 1.20000 1.40000 1.60000 1.10000
6.10000 5.70000 6.30000 6.50000 6.50000
6.10000 5.00000 6.00000 6.90000 6.20000
6.40000 5.60000 6.60000 5.60000 6.80000
1.21000 1.11000 1.09000 1.11000 1.25000
1.06000 1.10000 1.21000 1.18000 1.00000
1.06000 1.26000 1.29000 1.07000 1.22000
1.10000 1.03000 1.01000 1.24000 1.05000
1.15000 1.22000 1.03000 1.07000 1.12000
1.14000 1.22000 1.09000 1.13000 1.29000
1.24000 1.20000 1.20000 1.27000 1.08000
1.01000 1.25000 1.01000 1.17000 1.14000
1.29000 1.15000 1.11000 1.14000 1.22000
1.09000 1.24000 1.22000 1.29000 1.10000
2.00000 1.00000 0.00000 3.00000 1.00000
2.00000 3.00000 3.00000 2.00000 2.00000
2.00000 0.00000 3.00000 2.00000 1.00000
4.00000 1.00000 2.00000 3.00000 1.00000
4.00000 0.00000 1.00000 3.00000 3.00000
2.00000 0.00000 0.00000 2.00000 3.00000
3.00000 4.00000 3.00000 0.00000 1.00000
0.00000 0.00000 3.00000 2.00000 2.00000
0.00000 4.00000 0.00000 0.00000 1.00000
0.00000 0.00000 4.00000 1.00000 4.00000
1.10000 1.90000 1.90000 1.90000 1.30000
1.50000 1.10000 1.40000 1.90000 1.70000
1.80000 1.40000 1.70000 1.50000 1.10000
1.10000 1.00000 1.90000 1.50000 1.00000
1.40000 1.40000 1.50000 1.50000 1.80000
1.40000 1.70000 1.00000 1.10000 1.70000
1.80000 1.20000 1.70000 1.20000 1.20000
1.70000 1.60000 1.20000 1.80000 1.10000
1.40000 1.80000 1.80000 1.50000 1.00000
1.40000 1.20000 1.20000 1.90000 1.60000
6.40000 6.10000 5.10000 5.40000 5.20000
6.50000 5.60000 6.90000 6.70000 5.30000
6.00000 5.20000 6.90000 6.20000 6.30000
6.10000 5.80000 6.50000 5.10000 6.20000
6.50000 5.10000 5.50000 6.90000 6.60000
6.20000 5.00000 5.60000 6.70000 5.60000
6.70000 5.80000 6.90000 6.20000 6.30000
6.70000 5.90000 6.30000 6.70000 5.10000
6.90000 5.30000 5.70000 5.00000 6.30000
5.20000 5.20000 5.60000 6.10000 6.60000
1.06000 1.08000 1.18000 1.21000 1.20000
1.06000 1.04000 1.13000 1.24000 1.16000
1.01000 1.04000 1.09000 1.12000 1.01000
1.28000 1.06000 1.11000 1.13000 1.26000
1.18000 1.25000 1.04000 1.17000 1.29000
1.09000 1.08000 1.03000 1.24000 1.29000
1.14000 1.03000 1.22000 1.18000 1.29000
1.10000 1.01000 1.22000 1.02000 1.05000
1.22000 1.04000 1.22000 1.18000 1.16000
1.27000 1.23000 1.21000 1.05000 1.23000
0.00000 4.00000 1.00000 2.00000 0.00000
3.00000 4.00000 3.00000 2.00000 4.00000
4.00000 0.00000 1.00000 2.00000 1.00000
4.00000 3.00000 1.00000 0.00000 2.00000
0.00000 3.00000 1.00000 0.00000 1.00000
4.00000 4.00000 1.00000 1.00000 0.00000
3.00000 3.00000 3.00000 2.00000 2.00000
4.00000 2.00000 3.00000 4.00000 4.00000
4.00000 2.00000 0.00000 4.00000 0.00000
1.00000 1.00000 2.00000 2.00000 4.00000
1.30000 1.10000 1.90000 1.20000 1.00000
1.00000 1.90000 1.70000 1.50000 1.70000
1.10000 1.10000 1.20000 1.00000 1.80000
1.90000 1.00000 1.50000 1.30000 1.00000
1.10000 1.10000 1.20000 1.80000 1.30000
1.90000 1.80000 1.10000 1.30000 1.00000
1.80000 1.50000 1.50000 1.00000 1.40000
1.60000 1.20000 1.00000 1.70000 1.30000
1.60000 1.90000 1.10000 1.40000 1.40000
1.00000 1.30000 1.50000 1.50000 1.00000
6.90000 6.90000 5.90000 5.10000 5.60000
6.20000 5.80000 6.20000 6.00000 6.10000
6.10000 5.50000 5.30000 6.90000 5.90000
6.70000 6.90000 6.00000 5.30000 6.00000
5.00000 6.70000 5.80000 5.70000 6.50000
5.00000 6.10000 6.40000 5.20000 6.70000
6.30000 6.30000 6.60000 5.10000 5.20000
6.80000 5.70000 5.20000 6.80000 6.20000
5.70000 5.20000 5.90000 5.70000 5.50000
5.70000 6.40000 6.70000 5.90000 6.80000
1.15000 1.09000 1.19000 1.06000 1.28000
1.17000 1.22000 1.02000 1.28000 1.20000
1.09000 1.01000 1.12000 1.26000 1.09000
1.11000 1.19000 1.18000 1.12000 1.17000
1.06000 1.22000 1.24000 1.26000 1.00000
1.26000 1.18000 1.23000 1.12000 1.13000
1.16000 1.01000 1.25000 1.05000 1.08000
1.05000 1.18000 1.14000 1.08000 1.00000
1.08000 1.11000 1.23000 1.21000 1.02000
1.29000 1.26000 1.23000 1.18000 1.07000
1.00000 4.00000 3.00000 4.00000 2.00000
4.00000 3.00000 3.00000 1.00000 2.00000
3.00000 2.00000 0.00000 0.00000 4.00000
0.00000 4.00000 4.00000 4.00000 2.00000
2.00000 4.00000 0.00000 2.00000 0.00000
0.00000 3.00000 4.00000 1.00000 2.00000
0.00000 2.00000 0.00000 1.00000 2.00000
1.00000 2.00000 0.00000 1.00000 2.00000
4.00000 0.00000 2.00000 1.00000 1.00000
3.00000 4.00000 0.00000 3.00000 1.00000
1.10000 1.40000 1.10000 1.20000 1.60000
1.80000 1.20000 1.30000 1.00000 1.50000
1.30000 1.50000 1.90000 1.20000 1.20000
1.80000 1.40000 1.90000 1.30000 1.00000
1.90000 1.70000 1.80000 1.90000 1.60000
1.40000 1.80000 1.90000 1.40000 1.30000
1.30000 1.60000 1.40000 1.30000 1.60000
1.30000 1.30000 1.50000 1.60000 1.40000
1.40000 1.90000 1.10000 1.30000 1.20000
1.30000 1.40000 1.30000 1.80000 1.80000
5.20000 6.20000 5.40000 5.50000 6.50000
5.10000 5.60000 5.90000 6.30000 6.60000
5.90000 6.40000 6.60000 6.80000 6.70000
5.60000 6.50000 6.40000 6.70000 6.20000
6.50000 5.70000 5.10000 5.00000 5.70000
5.60000 6.00000 5.70000 6.50000 6.20000
5.10000 6.30000 6.50000 5.40000 5.60000
6.60000 6.50000 6.60000 6.10000 5.90000
5.10000 5.80000 5.80000 6.80000 6.30000
5.90000 6.30000 5.70000 6.40000 6.30000
1.10000 1.02000 1.21000 1.03000 1.02000
1.22000 1.08000 1.27000 1.00000 1.10000
1.24000 1.29000 1.15000 1.00000 1.13000
1.06000 1.28000 1.21000 1.07000 1.25000
1.03000 1.22000 1.10000 1.19000 1.02000
1.29000 1.14000 1.16000 1.23000 1.19000
1.27000 1.25000 1.10000 1.16000 1.13000
1.00000 1.23000 1.27000 1.24000 1.24000
1.26000 1.04000 1.17000 1.11000 1.26000
1.27000 1.17000 1.23000 1.26000 1.15000
0.00000 2.00000 3.00000 3.00000 4.00000
2.00000 1.00000 0.00000 3.00000 4.00000
1.00000 0.00000 2.00000 4.00000 0.00000
1.00000 0.00000 2.00000 1.00000 2.00000
4.00000 4.00000 3.00000 1.00000 1.00000
2.00000 1.00000 4.00000 1.00000 4.00000
0.00000 1.00000 0.00000 0.00000 0.00000
3.00000 2.00000 2.00000 3.00000 3.00000
2.00000 4.00000 1.00000 4.00000 4.00000
4.00000 0.00000 1.00000 3.00000 0.00000
1.00000 1.50000 1.00000 1.30000 1.20000
1.70000 1.80000 1.50000 1.60000 1.90000
1.30000 1.70000 1.20000 1.90000 1.60000
1.20000 1.80000 1.50000 1.90000 1.40000
1.90000 1.40000 1.10000 1.30000 1.10000
1.20000 1.70000 1.30000 1.00000 1.00000
1.50000 1.30000 1.60000 1.40000 1.70000
1.40000 1.00000 1.50000 1.80000 1.10000
1.90000 1.30000 1.70000 1.00000 1.70000
1.00000 1.20000 1.70000 1.70000 1.10000
5.10000 6.00000 6.90000 5.70000 6.30000
5.80000 6.60000 5.60000 6.30000 6.60000
6.90000 5.60000 5.10000 6.70000 5.10000
5.50000 6.20000 5.60000 5.30000 5.30000
5.90000 6.70000 6.80000 6.90000 5.90000
6.20000 5.00000 5.50000 5.40000 5.90000
5.80000 5.10000 5.40000 5.70000 6.50000
5.40000 5.50000 5.80000 6.30000 6.60000
5.20000 6.10000 5.00000 6.90000 6.20000
6.70000 5.90000 6.70000 6.80000 6.20000
1.05000 1.12000 1.18000 1.26000 1.25000
1.19000 1.08000 1.14000 1.24000 1.26000
1.10000 1.14000 1.07000 1.16000 1.05000
1.05000 1.10000 1.14000 1.06000 1.11000
1.19000 1.10000 1.01000 1.28000 1.11000
1.17000 1.11000 1.12000 1.18000 1.03000
1.13000 1.04000 1.19000 1.17000 1.16000
1.01000 1.21000 1.13000 1.26000 1.08000
1.29000 1.07000 1.13000 1.24000 1.20000
1.07000 1.09000 1.29000 1.08000 1.19000
4.00000 1.00000 3.00000 2.00000 3.00000
3.00000 2.00000 1.00000 3.00000 0.00000
3.00000 3.00000 0.00000 1.00000 1.00000
2.00000 2.00000 1.00000 2.00000 4.00000
1.00000 0.00000 0.00000 3.00000 3.00000
3.00000 0.00000 0.00000 2.00000 3.00000
3.00000 1.00000 1.00000 1.00000 2.00000
0.00000 2.00000 1.00000 3.00000 0.00000
1.00000 1.00000 3.00000 2.00000 0.00000
4.00000 0.00000 4.00000 2.00000 2.00000
1.20000 1.60000 1.20000 1.70000 1.30000
1.60000 1.70000 1.80000 1.40000 1.20000
1.90000 1.60000 1.80000 1.10000 1.10000
1.10000 1.20000 1.70000 1.90000 1.00000
1.50000 1.10000 1.90000 1.00000 1.10000
1.10000 1.10000 1.60000 1.50000 1.60000
1.00000 1.80000 1.60000 1.90000 1.10000
1.10000 1.00000 1.90000 1.90000 1.90000
1.40000 1.40000 1.80000 1.90000 1.60000
1.10000 1.50000 1.60000 1.00000 1.50000
6.00000 6.40000 5.90000 5.10000 5.30000
6.50000 6.00000 5.90000 5.20000 5.30000
6.40000 6.70000 5.40000 6.40000 6.10000
5.80000 6.10000 5.50000 6.80000 6.20000
6.40000 6.80000 6.50000 5.50000 5.30000
6.70000 5.10000 6.80000 6.40000 6.60000
5.40000 6.00000 6.60000 6.60000 5.40000
6.90000 6.80000 6.30000 6.10000 6.30000
5.90000 6.60000 6.60000 6.10000 5.00000
6.20000 5.10000 5.10000 6.60000 5.70000
1.25000 1.17000 1.00000 1.15000 1.01000
1.27000 1.28000 1.12000 1.03000 1.11000
1.23000 1.14000 1.12000 1.12000 1.24000
1.00000 1.16000 1.12000 1.19000 1.25000
1.05000 1.06000 1.24000 1.12000 1.21000
1.20000 1.11000 1.22000 1.12000 1.29000
1.19000 1.17000 1.10000 1.05000 1.02000
1.14000 1.13000 1.19000 1.12000 1.03000
1.14000 1.15000 1.20000 1.04000 1.26000
1.10000 1.06000 1.12000 1.08000 1.29000
1.00000 0.00000 0.00000 2.00000 4.00000
4.00000 0.00000 0.00000 3.00000 0.00000
0.00000 2.00000 0.00000 4.00000 4.00000
1.00000 0.00000 2.00000 1.00000 0.00000
3.00000 1.00000 0.00000 3.00000 3.00000
4.00000 0.00000 3.00000 0.00000 2.00000
0.00000 2.00000 0.00000 4.00000 0.00000
1.00000 1.00000 4.00000 4.00000 0.00000
1.00000 2.00000 3.00000 1.00000 1.00000
1.00000 4.00000 4.00000 2.00000 1.00000
1.10000 1.40000 1.30000 1.10000 1.80000
1.40000 1.20000 1.00000 1.40000 1.70000
1.20000 1.70000 1.10000 1.90000 1.80000
1.80000 1.50000 1.10000 1.30000 1.70000
1.40000 1.90000 1.80000 1.70000 1.60000
1.30000 1.80000 1.10000 1.10000 1.00000
1.20000 1.10000 1.80000 1.30000 1.30000
1.70000 1.70000 1.90000 1.30000 1.30000
1.80000 1.10000 1.20000 1.70000 1.90000
1.30000 1.00000 1.50000 1.80000 1.40000
5.50000 6.80000 5.10000 5.20000 5.40000
5.80000 6.20000 6.50000 6.30000 6.30000
5.80000 6.80000 5.10000 6.70000 5.30000
6.10000 6.80000 5.40000 5.10000 5.00000
5.60000 5.40000 5.10000 5.00000 5.70000
6.70000 6.30000 6.90000 5.10000 6.90000
6.20000 6.90000 6.80000 5.90000 5.30000
5.90000 6.10000 5.50000 6.70000 6.00000
6.80000 6.00000 5.20000 5.30000 5.20000
5.70000 6.50000 5.90000 6.40000 5.30000
1.03000 1.05000 1.10000 1.16000 1.27000
1.06000 1.07000 1.11000 1.00000 1.16000
1.16000 1.01000 1.08000 1.20000 1.08000
1.06000 1.07000 1.15000 1.25000 1.20000
1.21000 1.26000 1.27000 1.04000 1.23000
1.18000 1.17000 1.03000 1.26000 1.12000
1.28000 1.03000 1.28000 1.10000 1.27000
1.14000 1.06000 1.12000 1.22000 1.15000
1.27000 1.12000 1.28000 1.18000 1.19000
1.11000 1.29000 1.21000 1.17000 1.00000
0.00000 1.00000 2.00000 1.00000 2.00000
2.00000 2.00000 2.00000 2.00000 4.00000
0.00000 2.00000 3.00000 2.00000 4.00000
4.00000 0.00000 1.00000 1.00000 3.00000
1.00000 3.00000 3.00000 0.00000 0.00000
3.00000 2.00000 3.00000 3.00000 2.00000
1.00000 1.00000 3.00000 0.00000 2.00000
1.00000 4.00000 0.00000 0.00000 3.00000
1.00000 4.00000 0.00000 0.00000 3.00000
1.00000 4.00000 0.00000 4.00000 3.00000
1.50000 1.80000 1.70000 1.60000 1.70000
1.80000 1.60000 1.70000 1.00000 1.70000
1.50000 1.60000 1.70000 1.20000 1.00000
1.30000 1.50000 1.20000 1.10000 1.80000
1.70000 1.20000 1.90000 1.10000 1.80000
1.00000 1.40000 1.90000 1.50000 1.80000
1.50000 1.10000 1.90000 1.40000 1.60000
1.60000 1.50000 1.00000 1.60000 1.40000
1.30000 1.80000 1.20000 1.30000 1.30000
1.50000 1.80000 1.40000 1.50000 1.40000
5.10000 6.30000 5.10000 6.60000 6.50000
5.10000 6.90000 5.70000 6.50000 6.30000
6.80000 6.20000 5.40000 5.90000 6.80000
5.20000 5.40000 5.30000 6.60000 5.10000
5.40000 6.00000 5.60000 5.90000 6.40000
5.50000 5.40000 6.40000 6.20000 6.50000
5.20000 5.70000 5.30000 5.10000 6.70000
5.90000 5.80000 6.70000 5.40000 6.00000
5.00000 5.90000 5.00000 5.70000 5.40000
5.60000 6.10000 6.80000 5.00000 5.50000
1.21000 1.07000 1.02000 1.11000 1.27000
1.07000 1.13000 1.26000 1.05000 1.26000
1.05000 1.22000 1.14000 1.22000 1.12000
1.01000 1.17000 1.06000 1.14000 1.05000
1.24000 1.22000 1.04000 1.21000 1.01000
1.06000 1.22000 1.02000 1.28000 1.09000
1.12000 1.08000 1.25000 1.21000 1.19000
1.07000 1.18000 1.00000 1.15000 1.05000
1.06000 1.18000 1.14000 1.00000 1.00000
1.27000 1.22000 1.05000 1.14000 1.15000
0.00000 4.00000 1.00000 1.00000 1.00000
3.00000 1.00000 1.00000 1.00000 0.00000
4.00000 4.00000 0.00000 0.00000 2.00000
4.00000 4.00000 2.00000 2.00000 0.00000
3.00000 2.00000 2.00000 2.00000 1.00000
3.00000 2.00000 3.00000 0.00000 3.00000
4.00000 0.00000 0.00000 4.00000 2.00000
3.00000 1.00000 2.00000 2.00000 4.00000
0.00000 1.00000 3.00000 0.00000 1.00000
4.00000 3.00000 4.00000 0.00000 3.00000
1.80000 1.40000 1.70000 1.50000 1.20000
1.70000 1.00000 1.30000 1.20000 1.20000
1.70000 1.70000 1.60000 1.50000 1.80000
1.50000 1.20000 1.40000 1.90000 1.60000
1.70000 1.70000 1.20000 1.90000 1.80000
1.30000 1.60000 1.00000 1.10000 1.40000
1.50000 1.20000 1.50000 1.20000 1.30000
1.60000 1.60000 1.60000 1.60000 1.70000
1.90000 1.10000 1.90000 1.80000 1.50000
1.70000 1.90000 1.70000 1.70000 1.20000
6.20000 6.90000 6.90000 6.70000 5.90000
6.60000 5.00000 5.80000 5.70000 5.10000
5.10000 6.10000 6.30000 6.30000 5.30000
6.30000 6.80000 5.30000 5.70000 6.90000
6.40000 5.30000 6.10000 6.90000 6.90000
6.50000 5.40000 5.30000 6.40000 6.50000
5.60000 6.40000 5.80000 5.60000 5.80000
5.90000 5.80000 5.80000 6.30000 5.30000
5.80000 6.70000 5.10000 6.10000 5.90000
6.30000 6.50000 5.30000 6.30000 5.40000
1.13000 1.20000 1.28000 1.02000 1.17000
1.10000 1.25000 1.01000 1.05000 1.25000
1.10000 1.04000 1.15000 1.16000 1.02000
1.29000 1.00000 1.14000 1.13000 1.23000
1.12000 1.09000 1.22000 1.10000 1.20000
1.20000 1.28000 1.22000 1.14000 1.24000
1.06000 1.17000 1.05000 1.26000 1.08000
1.02000 1.09000 1.27000 1.07000 1.05000
1.24000 1.19000 1.16000 1.03000 1.20000
1.16000 1.13000 1.13000 1.06000 1.14000
4.00000 4.00000 3.00000 3.00000 0.00000
1.00000 3.00000 1.00000 4.00000 4.00000
0.00000 3.00000 0.00000 3.00000 2.00000
4.00000 4.00000 3.00000 3.00000 4.00000
1.00000 3.00000 3.00000 0.00000 2.00000
0.00000 1.00000 0.00000 0.00000 1.00000
3.00000 4.00000 4.00000 1.00000 3.00000
0.00000 0.00000 0.00000 3.00000 0.00000
2.00000 3.00000 2.00000 4.00000 3.00000
3.00000 2.00000 0.00000 4.00000 4.00000
1.60000 1.00000 1.60000 1.50000 1.60000
1.80000 1.10000 1.40000 1.70000 1.00000
1.90000 1.90000 1.50000 1.80000 1.10000
1.30000 1.10000 1.00000 1.00000 1.50000
1.80000 1.40000 1.30000 1.60000 1.70000
1.60000 1.10000 1.90000 1.30000 1.70000
1.00000 1.90000 1.10000 1.60000 1.60000
1.70000 1.40000 1.20000 1.90000 1.40000
1.10000 1.20000 1.60000 1.90000 1.20000
1.60000 1.30000 1.00000 1.40000 1.40000
6.10000 6.40000 5.60000 5.60000 5.20000
5.30000 6.00000 6.80000 6.60000 6.80000
5.30000 5.10000 5.50000 6.80000 5.40000
5.60000 5.40000 5.50000 5.50000 5.20000
6.00000 6.50000 5.40000 6.40000 6.60000
5.40000 6.00000 6.50000 6.00000 5.60000
5.10000 5.70000 6.00000 6.10000 5.20000
5.50000 6.50000 6.50000 6.90000 5.70000
5.40000 6.90000 5.20000 6.10000 6.80000
5.30000 6.20000 6.40000 6.40000 5.00000
1.00000 1.21000 1.16000 1.20000 1.07000
1.29000 1.21000 1.29000 1.01000 1.27000
1.05000 1.22000 1.00000 1.28000 1.18000
1.18000 1.06000 1.05000 1.12000 1.19000
1.04000 1.13000 1.29000 1.08000 1.16000
1.05000 1.14000 1.23000 1.20000 1.15000
1.23000 1.24000 1.08000 1.15000 1.20000
1.24000 1.09000 1.06000 1.00000 1.26000
1.07000 1.00000 1.15000 1.28000 1.03000
1.02000 1.00000 1.07000 1.28000 1.08000
0.00000 1.00000 3.00000 3.00000 0.00000
0.00000 4.00000 1.00000 3.00000 0.00000
4.00000 2.00000 4.00000 4.00000 1.00000
3.00000 3.00000 2.00000 0.00000 3.00000
1.00000 0.00000 1.00000 0.00000 2.00000
4.00000 0.00000 4.00000 0.00000 2.00000
1.00000 0.00000 4.00000 4.00000 2.00000
2.00000 0.00000 3.00000 3.00000 2.00000
4.00000 1.00000 4.00000 4.00000 0.00000
4.00000 0.00000 1.00000 2.00000 1.00000
1.20000 1.80000 1.10000 1.70000 1.00000
1.10000 1.90000 1.80000 1.30000 1.00000
1.60000 1.90000 1.70000 1.70000 1.10000
1.70000 1.60000 1.60000 1.10000 1.00000
1.60000 1.10000 1.50000 1.00000 1.30000
1.80000 1.50000 1.50000 1.30000 1.30000
1.60000 1.90000 1.40000 1.40000 1.80000
1.90000 1.50000 1.90000 1.10000 1.30000
1.40000 1.00000 1.80000 1.40000 1.00000
1.50000 1.30000 1.10000 1.00000 1.40000
5.10000 6.90000 5.90000 6.30000 5.70000
6.00000 6.90000 6.20000 5.10000 5.20000
6.00000 6.60000 6.80000 5.20000 5.70000
6.30000 6.60000 5.40000 5.60000 6.70000
5.40000 5.70000 5.20000 5.00000 6.90000
5.70000 6.80000 5.90000 6.70000 5.10000
5.60000 6.00000 6.70000 6.50000 5.00000
5.40000 5.50000 5.60000 5.60000 6.90000
6.70000 5.10000 6.00000 5.70000 6.80000
5.80000 6.70000 5.50000 6.40000 6.70000
1.25000 1.02000 1.09000 1.16000 1.14000
1.00000 1.21000 1.19000 1.04000 1.16000
1.03000 1.02000 1.27000 1.29000 1.29000
1.02000 1.18000 1.17000 1.15000 1.03000
1.25000 1.09000 1.21000 1.14000 1.26000
1.03000 1.13000 1.15000 1.14000 1.12000
1.08000 1.14000 1.22000 1.14000 1.25000
1.16000 1.23000 1.24000 1.22000 1.18000
1.21000 1.06000 1.04000 1.22000 1.26000
1.21000 1.27000 1.04000 1.18000 1.09000
3.00000 3.00000 2.00000 1.00000 3.00000
4.00000 1.00000 0.00000 4.00000 2.00000
0.00000 2.00000 1.00000 3.00000 2.00000
1.00000 2.00000 4.00000 4.00000 4.00000
4.00000 3.00000 0.00000 0.00000 2.00000
0.00000 2.00000 3.00000 3.00000 1.00000
3.00000 4.00000 3.00000 4.00000 1.00000
3.00000 3.00000 4.00000 4.00000 3.00000
3.00000 0.00000 4.00000 4.00000 4.00000
3.00000 4.00000 1.00000 4.00000 3.00000
1.90000 1.90000 1.40000 1.30000 1.30000
1.70000 1.80000 1.00000 1.60000 1.40000
1.70000 1.80000 1.60000 1.10000 1.50000
1.80000 1.90000 1.70000 1.90000 1.20000
1.00000 1.30000 1.90000 1.00000 1.60000
1.70000 1.50000 1.00000 1.60000 1.20000
1.50000 1.90000 1.20000 1.10000 1.80000
1.60000 1.10000 1.00000 1.40000 1.80000
1.90000 1.00000 1.20000 1.10000 1.20000
1.90000 1.80000 1.40000 1.10000 1.70000
6.70000 5.90000 5.00000 5.30000 6.90000
6.30000 5.20000 5.10000 6.50000 5.70000
5.40000 5.70000 6.30000 6.40000 6.10000
6.20000 5.40000 6.60000 6.80000 6.50000
5.20000 5.80000 6.00000 5.90000 6.80000
5.60000 6.30000 5.10000 5.60000 6.60000
6.00000 6.80000 5.30000 6.50000 6.40000
6.60000 5.40000 5.30000 5.00000 6.50000
5.80000 6.70000 5.80000 5.30000 5.30000
5.50000 6.50000 5.40000 5.70000 5.10000
1.12000 1.15000 1.07000 1.15000 1.08000
1.10000 1.09000 1.22000 1.05000 1.22000
1.06000 1.04000 1.20000 1.04000 1.03000
1.22000 1.10000 1.04000 1.15000 1.05000
1.14000 1.21000 1.20000 1.17000 1.08000
1.20000 1.23000 1.05000 1.25000 1.05000
1.21000 1.05000 1.01000 1.08000 1.06000
1.12000 1.24000 1.24000 1.02000 1.18000
1.14000 1.02000 1.10000 1.07000 1.15000
1.16000 1.22000 1.24000 1.23000 1.05000
1.00000 3.00000 0.00000 1.00000 0.00000
3.00000 2.00000 4.00000 4.00000 4.00000
4.00000 0.00000 3.00000 0.00000 0.00000
4.00000 4.00000 3.00000 0.00000 0.00000
3.00000 2.00000 4.00000 3.00000 1.00000
1.00000 1.00000 3.00000 0.00000 4.00000
4.00000 3.00000 0.00000 4.00000 3.00000
2.00000 0.00000 4.00000 4.00000 1.00000
4.00000 1.00000 2.00000 0.00000 3.00000
1.00000 0.00000 0.00000 3.00000 3.00000
1.80000 1.50000 1.70000 1.50000 1.00000
1.50000 1.00000 1.20000 1.40000 1.60000
1.20000 1.90000 1.10000 1.80000 1.40000
1.90000 1.10000 1.60000 1.70000 1.10000
1.10000 1.90000 1.80000 1.30000 1.20000
1.60000 1.00000 1.20000 1.50000 1.10000
1.90000 1.60000 1.70000 1.70000 1.20000
1.40000 1.60000 1.50000 1.80000 1.00000
1.30000 1.80000 1.00000 1.60000 1.50000
1.60000 1.80000 1.60000 1.30000 1.70000
5.70000 5.90000 5.10000 5.40000 6.70000
5.60000 6.80000 5.80000 6.90000 5.60000
6.90000 6.80000 5.50000 5.00000 5.00000
6.40000 6.00000 5.80000 6.60000 6.50000
5.70000 5.60000 6.60000 5.50000 5.40000
5.90000 5.80000 5.80000 5.30000 5.10000
6.80000 6.60000 6.00000 5.00000 6.30000
6.80000 6.30000 6.90000 6.40000 5.80000
6.10000 5.00000 6.70000 5.10000 5.10000
6.10000 6.80000 5.30000 5.30000 6.20000
1.03000 1.14000 1.28000 1.22000 1.20000
1.15000 1.26000 1.00000 1.03000 1.04000
1.00000 1.26000 1.21000 1.18000 1.15000
1.18000 1.10000 1.00000 1.20000 1.12000
1.17000 1.20000 1.07000 1.21000 1.17000
1.20000 1.13000 1.13000 1.27000 1.02000
1.19000 1.03000 1.21000 1.27000 1.24000
1.15000 1.09000 1.24000 1.07000 1.01000
1.06000 1.07000 1.16000 1.27000 1.04000
1.23000 1.29000 1.11000 1.15000 1.03000
4.00000 0.00000 3.00000 2.00000 4.00000
1.00000 1.00000 2.00000 4.00000 4.00000
4.00000 2.00000 4.00000 0.00000 4.00000
4.00000 0.00000 1.00000 0.00000 2.00000
3.00000 4.00000 1.00000 4.00000 4.00000
2.00000 0.00000 0.00000 0.00000 2.00000
3.00000 3.00000 0.00000 0.00000 2.00000
1.00000 0.00000 4.00000 3.00000 3.00000
4.00000 0.00000 0.00000 4.00000 2.00000
4.00000 3.00000 3.00000 2.00000 2.00000
1.40000 1.80000 1.20000 1.50000 1.00000
1.80000 1.90000 1.40000 1.30000 1.20000
1.90000 1.30000 1.30000 1.30000 1.90000
1.40000 1.90000 1.40000 1.60000 1.50000
1.70000 1.40000 1.30000 1.30000 1.90000
1.70000 1.10000 1.40000 1.70000 1.90000
1.10000 1.70000 1.00000 1.00000 1.60000
1.30000 1.50000 1.20000 1.40000 1.60000
1.20000 1.10000 1.30000 1.20000 1.80000
1.40000 1.50000 1.40000 1.50000 1.60000
6.20000 6.70000 6.20000 5.00000 5.20000
6.10000 6.60000 5.20000 5.80000 6.70000
5.70000 6.30000 6.10000 6.60000 6.70000
6.40000 5.50000 6.40000 5.80000 5.60000
6.50000 6.70000 5.80000 5.30000 5.70000
6.90000 6.10000 6.90000 6.20000 5.20000
6.80000 5.90000 6.80000 6.40000 5.30000
5.60000 6.80000 6.60000 6.80000 5.00000
5.20000 5.10000 6.10000 5.50000 6.60000
6.30000 6.40000 6.00000 5.40000 6.00000
1.16000 1.05000 1.22000 1.21000 1.01000
1.26000 1.13000 1.00000 1.29000 1.11000
1.02000 1.11000 1.11000 1.07000 1.12000
1.21000 1.14000 1.23000 1.23000 1.02000
1.17000 1.12000 1.04000 1.00000 1.09000
1.10000 1.10000 1.10000 1.26000 1.02000
1.29000 1.28000 1.05000 1.06000 1.19000
1.23000 1.28000 1.28000 1.07000 1.29000
1.08000 1.14000 1.02000 1.24000 1.12000
1.24000 1.08000 1.24000 1.16000 1.06000
4.00000 1.00000 0.00000 1.00000 3.00000
1.00000 0.00000 4.00000 1.00000 3.00000
4.00000 4.00000 0.00000 1.00000 0.00000
1.00000 2.00000 3.00000 4.00000 0.00000
1.00000 0.00000 4.00000 3.00000 0.00000
0.00000 4.00000 0.00000 2.00000 4.00000
1.00000 3.00000 3.00000 0.00000 0.00000
0.00000 1.00000 3.00000 3.00000 3.00000
1.00000 3.00000 1.00000 4.00000 0.00000
2.00000 3.00000 2.00000 4.00000 2.00000
1.20000 1.40000 1.60000 1.20000 1.00000
1.80000 1.00000 1.10000 1.90000 1.20000
1.20000 1.80000 1.60000 1.50000 1.90000
1.00000 1.20000 1.80000 1.20000 1.60000
1.70000 1.40000 1.10000 1.90000 1.60000
1.40000 1.60000 1.90000 1.50000 1.60000
1.50000 1.10000 1.00000 1.00000 1.90000
1.60000 1.10000 1.10000 1.10000 1.90000
1.60000 1.20000 1.40000 1.10000 1.40000
1.10000 1.90000 1.80000 1.70000 1.20000
6.60000 5.00000 6.40000 5.30000 5.10000
6.50000 5.00000 5.00000 6.20000 6.60000
5.80000 5.60000 5.70000 6.50000 6.70000
5.60000 6.20000 6.20000 6.20000 6.10000
6.00000 5.90000 6.90000 5.70000 5.70000
5.40000 5.30000 6.70000 6.10000 6.80000
6.40000 6.90000 6.70000 5.90000 5.70000
5.50000 6.90000 6.50000 5.10000 5.70000
6.30000 5.50000 5.90000 5.00000 5.60000
5.10000 6.10000 5.30000 6.20000 6.50000
1.28000 1.25000 1.24000 1.12000 1.16000
1.01000 1.12000 1.09000 1.21000 1.27000
1.21000 1.27000 1.23000 1.24000 1.02000
1.01000 1.01000 1.06000 1.00000 1.18000
1.26000 1.03000 1.24000 1.23000 1.00000
1.18000 1.17000 1.06000 1.29000 1.14000
1.13000 1.27000 1.27000 1.24000 1.26000
1.05000 1.28000 1.05000 1.04000 1.04000
1.04000 1.15000 1.10000 1.16000 1.17000
1.28000 1.00000 1.06000 1.06000 1.25000
3.00000 4.00000 0.00000 1.00000 4.00000
0.00000 0.00000 0.00000 3.00000 4.00000
3.00000 1.00000 0.00000 1.00000 3.00000
1.00000 3.00000 1.00000 4.00000 1.00000
4.00000 1.00000 4.00000 0.00000 2.00000
0.00000 4.00000 4.00000 4.00000 2.00000
1.00000 2.00000 4.00000 1.00000 1.00000
3.00000 1.00000 0.00000 2.00000 2.00000
0.00000 2.00000 3.00000 2.00000 4.00000
0.00000 0.00000 1.00000 3.00000 4.00000
1.40000 1.60000 1.90000 1.70000 1.60000
1.10000 1.30000 1.40000 1.50000 1.40000
1.10000 1.90000 1.30000 1.00000 1.10000
1.80000 1.40000 1.80000 1.60000 1.90000
1.20000 1.10000 1.10000 1.60000 1.00000
1.50000 1.10000 1.60000 1.10000 1.70000
1.10000 1.00000 1.10000 1.50000 1.30000
1.90000 1.40000 1.50000 1.20000 1.10000
1.40000 1.50000 1.10000 1.30000 1.70000
1.30000 1.10000 1.30000 1.30000 1.00000
5.50000 6.70000 6.00000 5.90000 5.20000
6.10000 6.90000 5.70000 6.60000 6.40000
5.50000 5.40000 6.00000 5.10000 5.60000
5.70000 6.80000 5.60000 5.50000 5.20000
6.30000 5.20000 5.60000 6.60000 5.30000
5.20000 5.70000 6.50000 5.60000 5.40000
6.90000 6.50000 6.40000 5.00000 5.40000
5.00000 5.00000 5.00000 5.80000 5.10000
5.30000 5.50000 6.50000 5.60000 5.10000
5.40000 6.70000 5.80000 5.00000 6.90000
1.04000 1.02000 1.12000 1.09000 1.29000
1.04000 1.06000 1.03000 1.29000 1.03000
1.03000 1.20000 1.00000 1.13000 1.23000
1.11000 1.28000 1.15000 1.12000 1.23000
1.10000 1.24000 1.07000 1.28000 1.12000
1.18000 1.01000 1.07000 1.12000 1.17000
1.00000 1.21000 1.05000 1.17000 1.15000
1.20000 1.13000 1.29000 1.12000 1.01000
1.21000 1.18000 1.16000 1.03000 1.24000
1.08000 1.22000 1.28000 1.09000 1.28000
1.00000 0.00000 3.00000 2.00000 4.00000
2.00000 1.00000 0.00000 4.00000 3.00000
1.00000 4.00000 0.00000 2.00000 3.00000
0.00000 3.00000 1.00000 2.00000 2.00000
0.00000 1.00000 2.00000 2.00000 3.00000
1.00000 1.00000 4.00000 3.00000 2.00000
1.00000 2.00000 4.00000 3.00000 4.00000
2.00000 1.00000 4.00000 1.00000 3.00000
4.00000 1.00000 0.00000 2.00000 4.00000
2.00000 0.00000 3.00000 1.00000 4.00000
1.10000 1.70000 1.70000 1.90000 1.40000
1.70000 1.90000 1.30000 1.90000 1.50000
1.00000 1.70000 1.30000 1.10000 1.60000
1.90000 1.50000 1.00000 1.20000 1.80000
1.10000 1.10000 1.40000 1.50000 1.10000
1.90000 1.40000 1.10000 1.10000 1.00000
1.60000 1.00000 1.90000 1.20000 1.00000
1.50000 1.80000 1.60000 1.10000 1.90000
1.10000 1.00000 1.70000 1.50000 1.60000
1.00000 1.60000 1.30000 1.20000 1.80000
6.60000 5.50000 6.00000 5.70000 5.30000
5.80000 5.80000 5.00000 6.50000 5.50000
6.70000 6.00000 5.30000 6.50000 6.50000
6.70000 5.70000 5.00000 5.80000 6.20000
6.10000 5.70000 6.60000 6.60000 5.30000
6.30000 6.10000 6.40000 6.60000 5.70000
5.20000 6.50000 5.20000 6.70000 6.10000
5.60000 5.30000 6.90000 5.80000 5.80000
6.50000 6.60000 6.40000 6.90000 5.60000
6.10000 6.20000 5.20000 6.00000 6.80000
1.19000 1.23000 1.03000 1.21000 1.04000
1.19000 1.04000 1.19000 1.14000 1.02000
1.21000 1.25000 1.23000 1.03000 1.15000
1.22000 1.09000 1.26000 1.13000 1.13000
1.23000 1.29000 1.17000 1.16000 1.21000
1.25000 1.14000 1.07000 1.12000 1.03000
1.10000 1.09000 1.22000 1.15000 1.27000
1.21000 1.28000 1.01000 1.21000 1.18000
1.10000 1.00000 1.27000 1.23000 1.14000
1.04000 1.08000 1.16000 1.24000 1.11000
0.00000 1.00000 2.00000 0.00000 4.00000
4.00000 2.00000 2.00000 3.00000 4.00000
4.00000 3.00000 2.00000 3.00000 1.00000
1.00000 0.00000 0.00000 4.00000 2.00000
0.00000 2.00000 3.00000 3.00000 2.00000
3.00000 1.00000 1.00000 2.00000 4.00000
4.00000 3.00000 1.00000 3.00000 2.00000
3.00000 2.00000 1.00000 0.00000 1.00000
1.00000 2.00000 4.00000 2.00000 4.00000
4.00000 2.00000 2.00000 0.00000 1.00000
1.70000 1.10000 1.60000 1.80000 1.80000
1.60000 1.70000 1.40000 1.40000 1.50000
1.60000 1.40000 1.70000 1.40000 1.00000
1.80000 1.60000 1.30000 1.30000 1.60000
1.80000 1.60000 1.60000 1.90000 1.00000
1.30000 1.00000 1.50000 1.20000 1.10000
1.30000 1.80000 1.10000 1.40000 1.30000
1.00000 1.00000 1.50000 1.40000 1.00000
1.30000 1.90000 1.60000 1.40000 1.90000
1.40000 1.60000 1.00000 1.10000 1.60000
5.40000 5.30000 5.00000 6.80000 6.40000
6.90000 5.00000 5.40000 5.70000 6.60000
6.90000 5.60000 5.40000 5.00000 6.60000
6.70000 6.10000 5.80000 6.30000 5.60000
6.70000 5.60000 5.10000 5.40000 5.90000
6.00000 6.80000 5.70000 6.10000 6.70000
6.90000 5.70000 6.20000 5.40000 6.30000
5.40000 5.20000 6.90000 5.40000 5.40000
6.80000 6.30000 6.30000 5.90000 6.90000
6.40000 6.10000 5.40000 5.80000 6.90000
1.18000 1.23000 1.07000 1.28000 1.09000
1.23000 1.05000 1.26000 1.03000 1.24000
1.26000 1.13000 1.28000 1.21000 1.18000
1.29000 1.23000 1.22000 1.09000 1.10000
1.27000 1.14000 1.27000 1.18000 1.29000
1.29000 1.03000 1.22000 1.13000 1.18000
1.16000 1.29000 1.07000 1.21000 1.27000
1.27000 1.00000 1.09000 1.09000 1.11000
1.22000 1.24000 1.02000 1.05000 1.23000
1.07000 1.02000 1.15000 1.29000 1.14000
1.00000 3.00000 2.00000 2.00000 2.00000
2.00000 0.00000 2.00000 0.00000 1.00000
1.00000 4.00000 0.00000 1.00000 1.00000
3.00000 1.00000 4.00000 0.00000 2.00000
1.00000 2.00000 0.00000 2.00000 3.00000
1.00000 3.00000 3.00000 4.00000 0.00000
3.00000 3.00000 2.00000 3.00000 1.00000
3.00000 2.00000 1.00000 4.00000 2.00000
3.00000 2.00000 0.00000 0.00000 0.00000
2.00000 3.00000 1.00000 4.00000 0.00000
1.60000 1.10000 1.10000 1.60000 1.70000
1.80000 1.70000 1.90000 1.80000 1.80000
1.50000 1.10000 1.60000 1.60000 1.40000
1.10000 1.50000 1.40000 1.40000 1.50000
1.10000 1.40000 1.50000 1.60000 1.80000
1.10000 1.10000 1.80000 1.90000 1.10000
1.70000 1.20000 1.80000 1.50000 1.90000
1.40000 1.50000 1.10000 1.60000 1.70000
1.20000 1.60000 1.40000 1.50000 1.70000
1.90000 1.20000 1.40000 1.40000 1.80000
5.10000 5.60000 6.10000 5.30000 6.50000
5.60000 5.80000 6.40000 6.80000 5.30000
6.90000 5.30000 5.50000 6.10000 6.20000
5.70000 6.20000 5.10000 5.50000 5.50000
6.40000 5.60000 6.80000 6.30000 6.50000
5.50000 5.90000 5.00000 5.90000 6.30000